
                                 *****************
                                 * O   R   C   A *
                                 *****************

           --- An Ab Initio, DFT and Semiempirical electronic structure package ---

                  #######################################################
                  #                        -***-                        #
                  #          Department of theory and spectroscopy      #
                  #               Directorship: Frank Neese             #
                  #        Max Planck Institute fuer Kohlenforschung    #
                  #                Kaiser Wilhelm Platz 1               #
                  #                 D-45470 Muelheim/Ruhr               #
                  #                      Germany                        #
                  #                                                     #
                  #                  All rights reserved                #
                  #                        -***-                        #
                  #######################################################


                         Program Version 4.2.1 -  RELEASE  -


 With contributions from (in alphabetic order):
   Daniel Aravena         : Magnetic Suceptibility
   Michael Atanasov       : Ab Initio Ligand Field Theory (pilot matlab implementation)
   Alexander A. Auer      : GIAO ZORA, VPT2
   Ute Becker             : Parallelization
   Giovanni Bistoni       : ED, misc. LED, open-shell LED, HFLD
   Martin Brehm           : Molecular dynamics
   Dmytro Bykov           : SCF Hessian
   Vijay G. Chilkuri      : MRCI spin determinant printing, contributions to CSF-ICE
   Dipayan Datta          : RHF DLPNO-CCSD density
   Achintya Kumar Dutta   : EOM-CC, STEOM-CC
   Dmitry Ganyushin       : Spin-Orbit,Spin-Spin,Magnetic field MRCI
   Miquel Garcia          : C-PCM Hessian, Gaussian charge scheme
   Yang Guo               : DLPNO-NEVPT2, CIM, IAO-localization
   Andreas Hansen         : Spin unrestricted coupled pair/coupled cluster methods
   Benjamin Helmich-Paris : CASSCF linear response (MC-RPA)
   Lee Huntington         : MR-EOM, pCC
   Robert Izsak           : Overlap fitted RIJCOSX, COSX-SCS-MP3, EOM
   Christian Kollmar      : KDIIS, OOCD, Brueckner-CCSD(T), CCSD density
   Simone Kossmann        : Meta GGA functionals, TD-DFT gradient, OOMP2, MP2 Hessian
   Martin Krupicka        : AUTO-CI
   Lucas Lang             : DCDCAS
   Dagmar Lenk            : GEPOL surface, SMD
   Dimitrios Liakos       : Extrapolation schemes; Compound Job, initial MDCI parallelization
   Dimitrios Manganas     : Further ROCIS development; embedding schemes
   Dimitrios Pantazis     : SARC Basis sets
   Taras Petrenko         : DFT Hessian,TD-DFT gradient, ASA, ECA, R-Raman, ABS, FL, XAS/XES, NRVS
   Peter Pinski           : DLPNO-MP2, DLPNO-MP2 Gradient
   Christoph Reimann      : Effective Core Potentials
   Marius Retegan         : Local ZFS, SOC
   Christoph Riplinger    : Optimizer, TS searches, QM/MM, DLPNO-CCSD(T), (RO)-DLPNO pert. Triples
   Tobias Risthaus        : Range-separated hybrids, TD-DFT gradient, RPA, STAB
   Michael Roemelt        : Original ROCIS implementation
   Masaaki Saitow         : Open-shell DLPNO-CCSD energy and density
   Barbara Sandhoefer     : DKH picture change effects
   Avijit Sen             : IP-ROCIS
   Kantharuban Sivalingam : CASSCF convergence, NEVPT2, FIC-MRCI
   Bernardo de Souza      : ESD, SOC TD-DFT
   Georgi Stoychev        : AutoAux, RI-MP2 NMR
   Willem Van den Heuvel  : Paramagnetic NMR
   Boris Wezisla          : Elementary symmetry handling
   Frank Wennmohs         : Technical directorship


 We gratefully acknowledge several colleagues who have allowed us to
 interface, adapt or use parts of their codes:
   Stefan Grimme, W. Hujo, H. Kruse,             : VdW corrections, initial TS optimization,
                  C. Bannwarth                     DFT functionals, gCP, sTDA/sTD-DF
   Ed Valeev, F. Pavosevic, A. Kumar             : LibInt (2-el integral package), F12 methods
   Garnet Chan, S. Sharma, J. Yang, R. Olivares  : DMRG
   Ulf Ekstrom                                   : XCFun DFT Library
   Mihaly Kallay                                 : mrcc  (arbitrary order and MRCC methods)
   Andreas Klamt, Michael Diedenhofen            : otool_cosmo (COSMO solvation model)
   Jiri Pittner, Ondrej Demel                    : Mk-CCSD
   Frank Weinhold                                : gennbo (NPA and NBO analysis)
   Christopher J. Cramer and Donald G. Truhlar   : smd solvation model
   Lars Goerigk                                  : TD-DFT with DH, B97 family of functionals
   V. Asgeirsson, H. Jonsson                     : NEB implementation
   FAccTs GmbH                                   : IRC, NEB, NEB-TS, Multilevel, MM, QM/MM, CI optimization
   S Lehtola, MJT Oliveira, MAL Marques          : LibXC Library


 Your calculation uses the libint2 library for the computation of 2-el integrals
 For citations please refer to: http://libint.valeyev.net

 Your ORCA version has been built with support for libXC version: 4.2.3
 For citations please refer to: https://tddft.org/programs/libxc/

 This ORCA versions uses:
   CBLAS   interface :  Fast vector & matrix operations
   LAPACKE interface :  Fast linear algebra routines
   SCALAPACK package :  Parallel linear algebra routines


leaving
----- Orbital basis set information -----
Your calculation utilizes the basis: def2-SVP
   F. Weigend and R. Ahlrichs, Phys. Chem. Chem. Phys. 7, 3297 (2005).

================================================================================
                                        WARNINGS
                       Please study these warnings very carefully!
================================================================================


WARNING: Direct SCF is incompatible with Method<>HF and Method<>DFT
  ===> : conventional SCF is chosen

WARNING: The NDO methods need Guess=HUECKEL or Guess=HCORE or Guess=MOREAD
  ===> : Guess is set to Hueckel

WARNING: The NDO methods need %rel::SOCType==1
  ===> : %rel::SOCType is set to 1

WARNING: The NDO methods cannot have frozencore=1
  ===> : %method FrozenCore=0 end

INFO   : the flag for use of LIBINT has been found!

================================================================================
                                       INPUT FILE
================================================================================
NAME = 1.inp
|  1> !zindo/s tightscf
|  2> %output Print[P_OVERLAP] 1 end
|  3> # %cis nroots 20 dotrans all donto true triplets true end
|  4> *xyz 0 1
|  5>   C   1.82868189498644     -1.12568448671555     -0.11668508576230
|  6>   C   0.86073330841555     -0.38750890026130      0.54700557220456
|  7>   C   2.82457707278590     -1.77413785804051      0.60333732140804
|  8>   C   0.88748656122741     -0.29675789586408      1.93081821192431
|  9>   C   2.85051088582409     -1.68337170150631      1.98337718013689
| 10>   C   1.88183259800218     -0.94380310813381      2.65779697676493
| 11>   C   1.95012783005334     -0.87542052659737      4.15436663216222
| 12>   C   0.90161026641721     -0.07366951716518      4.88772760132817
| 13>   O   2.82617692482010     -1.45104219459857      4.75837980334316
| 14>   H   1.80813085503021     -1.19657204492586     -1.19477572316912
| 15>   H   0.08569654239513      0.11716212974510     -0.01115396027159
| 16>   H   3.57875121772189     -2.34921084889001      0.08595121337892
| 17>   H   0.12925020320207      0.28032533530661      2.43853666479911
| 18>   H   3.61421515995847     -2.17883879290430      2.56371628941295
| 19>   H   -0.09247172191325     -0.47103053572633      4.68627203668800
| 20>   H   0.91342593248451      0.96467512277121      4.55915523024135
| 21>   H   1.10576446858875     -0.12361417649373      5.95157403541037
| 22> *
| 23> 
| 24>                          ****END OF INPUT****
================================================================================

                       ****************************
                       * Single Point Calculation *
                       ****************************

---------------------------------
CARTESIAN COORDINATES (ANGSTROEM)
---------------------------------
  C      1.828682   -1.125684   -0.116685
  C      0.860733   -0.387509    0.547006
  C      2.824577   -1.774138    0.603337
  C      0.887487   -0.296758    1.930818
  C      2.850511   -1.683372    1.983377
  C      1.881833   -0.943803    2.657797
  C      1.950128   -0.875421    4.154367
  C      0.901610   -0.073670    4.887728
  O      2.826177   -1.451042    4.758380
  H      1.808131   -1.196572   -1.194776
  H      0.085697    0.117162   -0.011154
  H      3.578751   -2.349211    0.085951
  H      0.129250    0.280325    2.438537
  H      3.614215   -2.178839    2.563716
  H     -0.092472   -0.471031    4.686272
  H      0.913426    0.964675    4.559155
  H      1.105764   -0.123614    5.951574

----------------------------
CARTESIAN COORDINATES (A.U.)
----------------------------
  NO LB      ZA    FRAG     MASS         X           Y           Z
   0 C     4.0000    0    12.011    3.455708   -2.127235   -0.220503
   1 C     4.0000    0    12.011    1.626550   -0.732286    1.033691
   2 C     4.0000    0    12.011    5.337677   -3.352635    1.140142
   3 C     4.0000    0    12.011    1.677107   -0.560791    3.648718
   4 C     4.0000    0    12.011    5.386685   -3.181111    3.748040
   5 C     4.0000    0    12.011    3.556148   -1.783529    5.022508
   6 C     4.0000    0    12.011    3.685208   -1.654305    7.850615
   7 C     4.0000    0    12.011    1.703796   -0.139215    9.236467
   8 O     6.0000    0    15.999    5.340700   -2.742072    8.992035
   9 H     1.0000    0     1.008    3.416872   -2.261193   -2.257799
  10 H     1.0000    0     1.008    0.161943    0.221404   -0.021078
  11 H     1.0000    0     1.008    6.762860   -4.439365    0.162424
  12 H     1.0000    0     1.008    0.244247    0.529738    4.608166
  13 H     1.0000    0     1.008    6.829877   -4.117409    4.844722
  14 H     1.0000    0     1.008   -0.174746   -0.890119    8.855771
  15 H     1.0000    0     1.008    1.726125    1.822972    8.615555
  16 H     1.0000    0     1.008    2.089592   -0.233597   11.246845

--------------------------------
INTERNAL COORDINATES (ANGSTROEM)
--------------------------------
 C      0   0   0     0.000000000000     0.00000000     0.00000000
 C      1   0   0     1.386475009567     0.00000000     0.00000000
 C      1   2   0     1.389507555494   120.05210565     0.00000000
 C      2   1   3     1.387043223257   119.93010293     0.00000000
 C      3   1   2     1.383264641893   119.98626775     0.00000000
 C      4   2   1     1.391362523608   120.30710584     0.00000000
 C      6   4   2     1.499687017225   122.19132864   180.06864883
 C      7   6   4     1.509970884976   118.50646594   359.91298993
 O      7   6   4     1.209807518605   120.63100011   179.87848403
 H      1   2   3     1.080614090976   119.94841846   179.99421360
 H      2   1   3     1.080239279468   120.15136175   180.00742008
 H      3   1   2     1.080359185862   120.03849103   180.00478348
 H      4   2   1     1.079687666744   119.37841264   180.00974055
 H      5   3   1     1.079594988292   121.29520753   179.97832976
 H      8   7   6     1.089348026629   110.49768431    60.13686095
 H      8   7   6     1.089155179160   110.61885624   301.12571962
 H      8   7   6     1.084408890857   108.74067766   180.54164895

---------------------------
INTERNAL COORDINATES (A.U.)
---------------------------
 C      0   0   0     0.000000000000     0.00000000     0.00000000
 C      1   0   0     2.620058059608     0.00000000     0.00000000
 C      1   2   0     2.625788740898   120.05210565     0.00000000
 C      2   1   3     2.621131827867   119.93010293     0.00000000
 C      3   1   2     2.613991343914   119.98626775     0.00000000
 C      4   2   1     2.629294122620   120.30710584     0.00000000
 C      6   4   2     2.833997749153   122.19132864   180.06864883
 C      7   6   4     2.853431442799   118.50646594   359.91298993
 O      7   6   4     2.286204884923   120.63100011   179.87848403
 H      1   2   3     2.042064688401   119.94841846   179.99421360
 H      2   1   3     2.041356397299   120.15136175   180.00742008
 H      3   1   2     2.041582987545   120.03849103   180.00478348
 H      4   2   1     2.040314000319   119.37841264   180.00974055
 H      5   3   1     2.040138863425   121.29520753   179.97832976
 H      8   7   6     2.058569434855   110.49768431    60.13686095
 H      8   7   6     2.058205005954   110.61885624   301.12571962
 H      8   7   6     2.049235820909   108.74067766   180.54164895

----------------------------
SLATER BASIS SET DIM=  44
----------------------------
  0 C     2 shells
 l=0 nsto= 1
    2       1.625000000000        1.000000000000
 l=1 nsto= 1
    2       1.625000000000        1.000000000000
  1 C     2 shells
 l=0 nsto= 1
    2       1.625000000000        1.000000000000
 l=1 nsto= 1
    2       1.625000000000        1.000000000000
  2 C     2 shells
 l=0 nsto= 1
    2       1.625000000000        1.000000000000
 l=1 nsto= 1
    2       1.625000000000        1.000000000000
  3 C     2 shells
 l=0 nsto= 1
    2       1.625000000000        1.000000000000
 l=1 nsto= 1
    2       1.625000000000        1.000000000000
  4 C     2 shells
 l=0 nsto= 1
    2       1.625000000000        1.000000000000
 l=1 nsto= 1
    2       1.625000000000        1.000000000000
  5 C     2 shells
 l=0 nsto= 1
    2       1.625000000000        1.000000000000
 l=1 nsto= 1
    2       1.625000000000        1.000000000000
  6 C     2 shells
 l=0 nsto= 1
    2       1.625000000000        1.000000000000
 l=1 nsto= 1
    2       1.625000000000        1.000000000000
  7 C     2 shells
 l=0 nsto= 1
    2       1.625000000000        1.000000000000
 l=1 nsto= 1
    2       1.625000000000        1.000000000000
  8 O     2 shells
 l=0 nsto= 1
    2       2.275000000000        1.000000000000
 l=1 nsto= 1
    2       2.275000000000        1.000000000000
  9 H     1 shells
 l=0 nsto= 1
    1       1.200000000000        1.000000000000
 10 H     1 shells
 l=0 nsto= 1
    1       1.200000000000        1.000000000000
 11 H     1 shells
 l=0 nsto= 1
    1       1.200000000000        1.000000000000
 12 H     1 shells
 l=0 nsto= 1
    1       1.200000000000        1.000000000000
 13 H     1 shells
 l=0 nsto= 1
    1       1.200000000000        1.000000000000
 14 H     1 shells
 l=0 nsto= 1
    1       1.200000000000        1.000000000000
 15 H     1 shells
 l=0 nsto= 1
    1       1.200000000000        1.000000000000
 16 H     1 shells
 l=0 nsto= 1
    1       1.200000000000        1.000000000000

Checking for AutoStart:
The File: 1.gbw exists
Trying to determine its content:
     ... Fine, the file contains calculation information
     ... Fine, the calculation information was read
     ... Fine, the file contains a basis set
     ... Fine, the basis set was read
     ... Fine, the file contains a geometry
     ... Fine, the geometry was read
     ... Fine, the file contains a set of orbitals
     ... Fine, the orbitals can be read
     => possible old guess file was deleted
     => GBW file was renamed to GES file
     => GES file is set as startup file
     => Guess is set to MORead
     ... now leaving AutoStart

------------------------------------------------------------------------------
                           ORCA NDO INTEGRAL CALCULATION
------------------------------------------------------------------------------

--------------
NDO PARAMETERS
--------------

Gamma integral treatment              ... Mataga-Nishimoto
Nuclear repulsuion treatment          ... Direct (ZA*ZB/RAB)
Interaction factors:
s-s (sigma) =    1.0000
s-p (sigma) =    1.0000
s-d (sigma) =    1.0000
p-p (sigma) =    1.2670  p-p(pi) =    0.5850
p-d (sigma) =    1.0000  p-d(pi) =    1.0000
d-d (sigma) =    1.0000  d-d(pi) =    1.0000 d-d (delta) =    1.0000

fGamma parameter for Mataga-Nishimoto gamma integrals:    1.2000

--------------------------
Parameters for Element H :
--------------------------
 One-electron parameters (in eV)
  U(s)  =   -13.060000 Beta(s) =    12.000000 Neff(s) =     1.000000
 One-center electron repulsion parameters (in eV)
  G(s,s)=    12.850000
--------------------------
Parameters for Element C :
--------------------------
 One-electron parameters (in eV)
  U(s)  =   -50.870766 Beta(s) =    17.000000 Neff(s) =     2.000000
  U(p)  =   -41.599980 Beta(p) =    17.000000 Neff(p) =     2.000000 
 One-center electron repulsion parameters (in eV)
  G(s,s)=    11.110000
  G(s,p)=    11.110000 G(p,p)  =    11.110000
 Slater-Condon parameters (in eV)
 F2(p,p)=     4.5098 G1(s,p)=    6.8977
--------------------------
Parameters for Element O :
--------------------------
 One-electron parameters (in eV)
  U(s)  =   -90.023218 Beta(s) =    34.000000 Neff(s) =     2.000000
  U(p)  =   -76.684970 Beta(p) =    34.000000 Neff(p) =     4.000000 
 One-center electron repulsion parameters (in eV)
  G(s,s)=    13.000000
  G(s,p)=    13.000000 G(p,p)  =    13.000000
 Slater-Condon parameters (in eV)
 F2(p,p)=     6.9027 G1(s,p)=   11.8152

 Number of atoms                    ....   17
 Number of basis functions          ....   44

 Overlap integrals                  .... done
 One electron matrix                .... done
 Nuclear repulsion                  .... done
 Integral list                      .... done
 Electron-electron repulsion        .... done
-------------------------------------------------------------------------------
                                 ORCA SCF
-------------------------------------------------------------------------------

------------
SCF SETTINGS
------------
Hamiltonian:
 ZDO-Hamiltonian        Method          .... INDO


General Settings:
 Integral files         IntName         .... 1
 Hartree-Fock type      HFTyp           .... RHF
 Total Charge           Charge          ....    0
 Multiplicity           Mult            ....    1
 Number of Electrons    NEL             ....   46
 Basis Dimension        Dim             ....   44
 Nuclear Repulsion      ENuc            ....    205.9350272612 Eh

Convergence Acceleration:
 DIIS                   CNVDIIS         .... on
   Start iteration      DIISMaxIt       ....    12
   Startup error        DIISStart       ....  0.200000
   # of expansion vecs  DIISMaxEq       ....     5
   Bias factor          DIISBfac        ....   1.050
   Max. coefficient     DIISMaxC        ....  10.000
 Newton-Raphson         CNVNR           .... off
 SOSCF                  CNVSOSCF        .... on
   Start iteration      SOSCFMaxIt      ....   150
   Startup grad/error   SOSCFStart      ....  0.003300
 Level Shifting         CNVShift        .... on
   Level shift para.    LevelShift      ....    0.2500
   Turn off err/grad.   ShiftErr        ....    0.0010
 Zerner damping         CNVZerner       .... off
 Static damping         CNVDamp         .... on
   Fraction old density DampFac         ....    0.7000
   Max. Damping (<1)    DampMax         ....    0.9800
   Min. Damping (>=0)   DampMin         ....    0.0000
   Turn off err/grad.   DampErr         ....    0.1000
 Fernandez-Rico         CNVRico         .... off

SCF Procedure:
 Maximum # iterations   MaxIter         ....   125
 SCF integral mode      SCFMode         .... Conventional
 Integral Buffer length BufferLength    .... 1048576
 Integral index format  IndFormat       ....     0
 Integral value format  ValFormat       ....     0
 Integral Storage       Thresh          ....  2.500e-11 Eh

Convergence Tolerance:
 Convergence Check Mode ConvCheckMode   .... Total+1el-Energy
 Convergence forced     ConvForced      .... 0
 Energy Change          TolE            ....  1.000e-08 Eh
 1-El. energy change                    ....  1.000e-05 Eh
 Orbital Gradient       TolG            ....  1.000e-05
 Orbital Rotation angle TolX            ....  1.000e-05
 DIIS Error             TolErr          ....  5.000e-07


Diagonalization of the overlap matrix:
Smallest eigenvalue                        ... 1.434e-01
Time for diagonalization                   ...    0.006 sec
Threshold for overlap eigenvalues          ... 1.000e-08
Number of eigenvalues below threshold      ... 0
Time for construction of square roots      ...    0.000 sec
Total time needed                          ...    0.006 sec

--------------
OVERLAP MATRIX
--------------
                  0          1          2          3          4          5    
      0       1.000000   0.000000   0.000000   0.000000   0.413243  -0.199950
      1       0.000000   1.000000   0.000000   0.000000   0.199950   0.117020
      2       0.000000   0.000000   1.000000   0.000000  -0.291613   0.193812
      3       0.000000   0.000000   0.000000   1.000000   0.222390  -0.147804
      4       0.413243   0.199950  -0.291613   0.222390   1.000000   0.000000
      5      -0.199950   0.117020   0.193812  -0.147804   0.000000   1.000000
      6       0.291613   0.193812  -0.032751   0.215563   0.000000   0.000000
      7      -0.222390  -0.147804   0.215563   0.085518   0.000000   0.000000
      8       0.411728   0.215931   0.298664  -0.194468   0.089056   0.002713
      9      -0.215931   0.093197  -0.215006   0.139996  -0.002713   0.035316
     10      -0.298664  -0.215006  -0.048739   0.193634  -0.094598  -0.003441
     11       0.194468   0.139996   0.193634   0.122564   0.066794   0.002429
     12       0.089622   0.099353  -0.045670   0.040223   0.412959   0.416544
     13      -0.099353  -0.095828   0.060454  -0.053243  -0.416544  -0.327381
     14       0.045670   0.060454   0.007896   0.024475  -0.008053  -0.011156
     15      -0.040223  -0.053243   0.024475   0.014131  -0.027317  -0.037843
     16       0.089616   0.101896   0.049579  -0.027059   0.045335   0.031915
     17      -0.101896  -0.102657  -0.067313   0.036737  -0.031915  -0.010233
     18      -0.049579  -0.067313   0.002931   0.017875  -0.044212  -0.036187
     19       0.027059   0.036737   0.017875   0.025928   0.028793   0.023567
     20       0.044844   0.060890   0.001166   0.003992   0.088250   0.100612
     21      -0.060890  -0.080402  -0.001841  -0.006299  -0.100612  -0.101838
     22      -0.001166  -0.001841   0.015653  -0.000121  -0.048671  -0.066210
     23      -0.003992  -0.006299  -0.000121   0.015275   0.026516   0.036071
     24       0.001971   0.002947   0.000084   0.000173   0.005664   0.007886
     25      -0.002947  -0.004373  -0.000137  -0.000283  -0.007886  -0.010716
     26      -0.000084  -0.000137   0.000456  -0.000008  -0.002381  -0.003684
     27      -0.000173  -0.000283  -0.000008   0.000443   0.001067   0.001650
     28       0.000237   0.000352  -0.000065   0.000074   0.001676   0.002512
     29      -0.000352  -0.000518   0.000104  -0.000119  -0.002512  -0.003737
     30       0.000065   0.000104   0.000026   0.000022  -0.000024  -0.000039
     31      -0.000074  -0.000119   0.000022   0.000021  -0.000182  -0.000298
     32       0.000067   0.000110   0.000023  -0.000007   0.000121   0.000179
     33      -0.000086  -0.000140  -0.000031   0.000010  -0.000139  -0.000201
     34      -0.000018  -0.000031   0.000005   0.000002  -0.000065  -0.000103
     35       0.000006   0.000010   0.000002   0.000010   0.000035   0.000056
     36       0.524166  -0.490223  -0.009345  -0.032234   0.121664  -0.120163
     37       0.121305   0.007254  -0.119816   0.085436   0.524377  -0.253949
     38       0.120986   0.013885   0.119919  -0.083839   0.013459  -0.002447
     39       0.013666   0.013798  -0.009177   0.007593   0.122906   0.132112
     40       0.013334   0.014077   0.009377  -0.005531   0.005418   0.003852
     41       0.000343   0.000443  -0.000177   0.000060   0.002479   0.003320
     42       0.000351   0.000442  -0.000087   0.000198   0.002550   0.003321
     43       0.000043   0.000060  -0.000007   0.000010   0.000225   0.000315
                  6          7          8          9         10         11    
      0       0.291613  -0.222390   0.411728  -0.215931  -0.298664   0.194468
      1       0.193812  -0.147804   0.215931   0.093197  -0.215006   0.139996
      2      -0.032751   0.215563   0.298664  -0.215006  -0.048739   0.193634
      3       0.215563   0.085518  -0.194468   0.139996   0.193634   0.122564
      4       0.000000   0.000000   0.089056  -0.002713  -0.094598   0.066794
      5       0.000000   0.000000   0.002713   0.035316  -0.003441   0.002429
      6       1.000000   0.000000   0.094598  -0.003441  -0.084534   0.084693
      7       0.000000   1.000000  -0.066794   0.002429   0.084693  -0.024385
      8       0.094598  -0.066794   1.000000   0.000000   0.000000   0.000000
      9      -0.003441   0.002429   0.000000   1.000000   0.000000   0.000000
     10      -0.084534   0.084693   0.000000   0.000000   1.000000   0.000000
     11       0.084693  -0.024385   0.000000   0.000000   0.000000   1.000000
     12       0.008053   0.027317   0.045404   0.029547  -0.043115   0.032883
     13      -0.011156  -0.037843  -0.029547  -0.006438   0.032623  -0.024881
     14       0.249457  -0.000732   0.043115   0.032623  -0.031686   0.036306
     15      -0.000732   0.247191  -0.032883  -0.024881   0.036306  -0.011772
     16       0.044212  -0.028793   0.414851   0.417779   0.007851   0.027478
     17      -0.036187   0.023567  -0.417779  -0.327068  -0.010868  -0.038037
     18      -0.034240   0.032647  -0.007851  -0.010868   0.251052  -0.000715
     19       0.032647  -0.005372  -0.027478  -0.038037  -0.000715   0.248754
     20       0.048671  -0.026516   0.088524   0.098279  -0.045098   0.039721
     21      -0.066210   0.036071  -0.098279  -0.095048   0.059750  -0.052625
     22       0.003000   0.017449   0.045098   0.059750   0.007743   0.024148
     23       0.017449   0.025523  -0.039721  -0.052625   0.024148   0.013891
     24       0.002381  -0.001067   0.006091   0.008407  -0.002070   0.002128
     25      -0.003684   0.001650  -0.008407  -0.011301   0.003179  -0.003267
     26       0.000369   0.000498   0.002070   0.003179   0.000824   0.000804
     27       0.000498   0.001258  -0.002128  -0.003267   0.000804   0.000780
     28       0.000024   0.000182   0.000382   0.000503  -0.000226   0.000200
     29      -0.000039  -0.000298  -0.000503  -0.000640   0.000321  -0.000284
     30       0.000384  -0.000003   0.000226   0.000321  -0.000068   0.000128
     31      -0.000003   0.000363  -0.000200  -0.000284   0.000128  -0.000036
     32       0.000083  -0.000045   0.000589   0.000971   0.000000   0.000076
     33      -0.000103   0.000056  -0.000751  -0.001234  -0.000001  -0.000105
     34      -0.000028   0.000026  -0.000000  -0.000001   0.000115  -0.000000
     35       0.000026   0.000007  -0.000058  -0.000105  -0.000000   0.000107
     36       0.065360  -0.055816   0.121025  -0.123260  -0.069677   0.039592
     37      -0.352623   0.229613   0.013431  -0.003254  -0.014502   0.010014
     38       0.014426  -0.010412   0.524309  -0.235355   0.343068  -0.261596
     39      -0.051090   0.046644   0.005424   0.003509  -0.005154   0.003929
     40       0.005259  -0.003422   0.119650   0.132534   0.053385  -0.027360
     41      -0.000765  -0.000067   0.000365   0.000403  -0.000288   0.000128
     42       0.000044   0.001119   0.000370   0.000397  -0.000192   0.000275
     43       0.000014   0.000015   0.000089   0.000115  -0.000037   0.000036
                 12         13         14         15         16         17    
      0       0.089622  -0.099353   0.045670  -0.040223   0.089616  -0.101896
      1       0.099353  -0.095828   0.060454  -0.053243   0.101896  -0.102657
      2      -0.045670   0.060454   0.007896   0.024475   0.049579  -0.067313
      3       0.040223  -0.053243   0.024475   0.014131  -0.027059   0.036737
      4       0.412959  -0.416544  -0.008053  -0.027317   0.045335  -0.031915
      5       0.416544  -0.327381  -0.011156  -0.037843   0.031915  -0.010233
      6       0.008053  -0.011156   0.249457  -0.000732   0.044212  -0.036187
      7       0.027317  -0.037843  -0.000732   0.247191  -0.028793   0.023567
      8       0.045404  -0.029547   0.043115  -0.032883   0.414851  -0.417779
      9       0.029547  -0.006438   0.032623  -0.024881   0.417779  -0.327068
     10      -0.043115   0.032623  -0.031686   0.036306   0.007851  -0.010868
     11       0.032883  -0.024881   0.036306  -0.011772   0.027478  -0.038037
     12       1.000000   0.000000   0.000000   0.000000   0.089175  -0.002536
     13       0.000000   1.000000   0.000000   0.000000   0.002536   0.035386
     14       0.000000   0.000000   1.000000   0.000000   0.094705  -0.003215
     15       0.000000   0.000000   0.000000   1.000000  -0.066896   0.002271
     16       0.089175   0.002536   0.094705  -0.066896   1.000000   0.000000
     17      -0.002536   0.035386  -0.003215   0.002271   0.000000   1.000000
     18      -0.094705  -0.003215  -0.084595   0.084811   0.000000   0.000000
     19       0.066896   0.002271   0.084811  -0.024436   0.000000   0.000000
     20       0.410803   0.217407   0.297365  -0.193503   0.410042   0.201224
     21      -0.217407   0.090003  -0.215931   0.140511  -0.201224   0.111792
     22      -0.297365  -0.215931  -0.047473   0.192188   0.289021   0.194544
     23       0.193503   0.140511   0.192188   0.122811  -0.220662  -0.148531
     24       0.071087   0.082599   0.039474  -0.021496   0.077222   0.088705
     25      -0.082599  -0.086401  -0.054211   0.029521  -0.088705  -0.091011
     26      -0.039474  -0.054211   0.001127   0.014108   0.036789   0.050123
     27       0.021496   0.029521   0.014108   0.019352  -0.033012  -0.044977
     28       0.031484   0.043490   0.000208   0.003281   0.005079   0.005633
     29      -0.043490  -0.058696  -0.000330  -0.005212  -0.005633  -0.005618
     30      -0.000208  -0.000330   0.010389  -0.000025   0.003780   0.004650
     31      -0.003281  -0.005212  -0.000025   0.009997  -0.003122  -0.003841
     32       0.002402   0.003063   0.002100  -0.001250   0.017889   0.028071
     33      -0.002346  -0.002765  -0.002265   0.001348  -0.021027  -0.032496
     34      -0.001609  -0.002265  -0.001015   0.000924   0.000184   0.000330
     35       0.000958   0.001348   0.000924  -0.000012  -0.001760  -0.003153
     36       0.013542  -0.016705   0.004920  -0.004809   0.013551  -0.016999
     37       0.121686  -0.134004  -0.055327   0.028562   0.005409  -0.003802
     38       0.005416  -0.003522   0.005138  -0.003919   0.122216  -0.131622
     39       0.524687   0.231195  -0.345271   0.262781   0.013384   0.002400
     40       0.013729   0.003435   0.014801  -0.010216   0.524739   0.264301
     41       0.031297   0.038334  -0.013633  -0.002425   0.002867   0.002546
     42       0.032116   0.037672   0.000372   0.018080   0.002893   0.002451
     43       0.003829   0.005220   0.000283   0.000225   0.001200   0.001433
                 18         19         20         21         22         23    
      0      -0.049579   0.027059   0.044844  -0.060890  -0.001166  -0.003992
      1      -0.067313   0.036737   0.060890  -0.080402  -0.001841  -0.006299
      2       0.002931   0.017875   0.001166  -0.001841   0.015653  -0.000121
      3       0.017875   0.025928   0.003992  -0.006299  -0.000121   0.015275
      4      -0.044212   0.028793   0.088250  -0.100612  -0.048671   0.026516
      5      -0.036187   0.023567   0.100612  -0.101838  -0.066210   0.036071
      6      -0.034240   0.032647   0.048671  -0.066210   0.003000   0.017449
      7       0.032647  -0.005372  -0.026516   0.036071   0.017449   0.025523
      8      -0.007851  -0.027478   0.088524  -0.098279   0.045098  -0.039721
      9      -0.010868  -0.038037   0.098279  -0.095048   0.059750  -0.052625
     10       0.251052  -0.000715  -0.045098   0.059750   0.007743   0.024148
     11      -0.000715   0.248754   0.039721  -0.052625   0.024148   0.013891
     12      -0.094705   0.066896   0.410803  -0.217407  -0.297365   0.193503
     13      -0.003215   0.002271   0.217407   0.090003  -0.215931   0.140511
     14      -0.084595   0.084811   0.297365  -0.215931  -0.047473   0.192188
     15       0.084811  -0.024436  -0.193503   0.140511   0.192188   0.122811
     16       0.000000   0.000000   0.410042  -0.201224   0.289021  -0.220662
     17       0.000000   0.000000   0.201224   0.111792   0.194544  -0.148531
     18       1.000000   0.000000  -0.289021   0.194544  -0.032188   0.213337
     19       0.000000   1.000000   0.220662  -0.148531   0.213337   0.084359
     20      -0.289021   0.220662   1.000000   0.000000   0.000000   0.000000
     21       0.194544  -0.148531   0.000000   1.000000   0.000000   0.000000
     22      -0.032188   0.213337   0.000000   0.000000   1.000000   0.000000
     23       0.213337   0.084359   0.000000   0.000000   0.000000   1.000000
     24      -0.036789   0.033012   0.358760   0.378401   0.017268   0.017290
     25       0.050123  -0.044977  -0.378401  -0.329360  -0.024430  -0.024461
     26       0.009057   0.018654  -0.017268  -0.024430   0.204868  -0.001116
     27       0.018654   0.013106  -0.017290  -0.024461  -0.001116   0.204865
     28      -0.003780   0.003122   0.064324   0.073856  -0.032465   0.028819
     29       0.004650  -0.003841  -0.073856  -0.075826   0.043883  -0.038954
     30      -0.001809   0.002577   0.032465   0.043883   0.004714   0.017123
     31       0.002577  -0.000817  -0.028819  -0.038954   0.017123   0.008803
     32      -0.000246   0.002350   0.046246   0.062883   0.028270  -0.015185
     33       0.000330  -0.003153  -0.046297  -0.058232  -0.033177   0.017820
     34       0.005155   0.000028  -0.020813  -0.033177   0.000651   0.008011
     35       0.000028   0.004894   0.011179   0.017820   0.008011   0.011263
     36      -0.005575   0.002604   0.005344  -0.007247  -0.000139  -0.000475
     37      -0.005271   0.003433   0.013359  -0.014047  -0.009453   0.005584
     38       0.050517  -0.046189   0.013382  -0.013561   0.008948  -0.007411
     39      -0.014352   0.010356   0.120203  -0.014906  -0.119150   0.083223
     40       0.347810  -0.225648   0.124006  -0.006642   0.122313  -0.087198
     41      -0.002773   0.001142   0.034880   0.031984  -0.031129   0.007454
     42      -0.001843   0.002520   0.035331   0.030428  -0.015498   0.030542
     43      -0.000630   0.000563   0.011158   0.014144  -0.003333   0.003522
                 24         25         26         27         28         29    
      0       0.001971  -0.002947  -0.000084  -0.000173   0.000237  -0.000352
      1       0.002947  -0.004373  -0.000137  -0.000283   0.000352  -0.000518
      2       0.000084  -0.000137   0.000456  -0.000008  -0.000065   0.000104
      3       0.000173  -0.000283  -0.000008   0.000443   0.000074  -0.000119
      4       0.005664  -0.007886  -0.002381   0.001067   0.001676  -0.002512
      5       0.007886  -0.010716  -0.003684   0.001650   0.002512  -0.003737
      6       0.002381  -0.003684   0.000369   0.000498   0.000024  -0.000039
      7      -0.001067   0.001650   0.000498   0.001258   0.000182  -0.000298
      8       0.006091  -0.008407   0.002070  -0.002128   0.000382  -0.000503
      9       0.008407  -0.011301   0.003179  -0.003267   0.000503  -0.000640
     10      -0.002070   0.003179   0.000824   0.000804  -0.000226   0.000321
     11       0.002128  -0.003267   0.000804   0.000780   0.000200  -0.000284
     12       0.071087  -0.082599  -0.039474   0.021496   0.031484  -0.043490
     13       0.082599  -0.086401  -0.054211   0.029521   0.043490  -0.058696
     14       0.039474  -0.054211   0.001127   0.014108   0.000208  -0.000330
     15      -0.021496   0.029521   0.014108   0.019352   0.003281  -0.005212
     16       0.077222  -0.088705   0.036789  -0.033012   0.005079  -0.005633
     17       0.088705  -0.091011   0.050123  -0.044977   0.005633  -0.005618
     18      -0.036789   0.050123   0.009057   0.018654  -0.003780   0.004650
     19       0.033012  -0.044977   0.018654   0.013106   0.003122  -0.003841
     20       0.358760  -0.378401  -0.017268  -0.017290   0.064324  -0.073856
     21       0.378401  -0.329360  -0.024430  -0.024461   0.073856  -0.075826
     22       0.017268  -0.024430   0.204868  -0.001116  -0.032465   0.043883
     23       0.017290  -0.024461  -0.001116   0.204865   0.028819  -0.038954
     24       1.000000   0.000000   0.000000   0.000000   0.354031  -0.182418
     25       0.000000   1.000000   0.000000   0.000000   0.182418   0.076503
     26       0.000000   0.000000   1.000000   0.000000  -0.260811   0.179891
     27       0.000000   0.000000   0.000000   1.000000   0.199430  -0.137554
     28       0.354031   0.182418  -0.260811   0.199430   1.000000   0.000000
     29      -0.182418   0.076503   0.179891  -0.137554   0.000000   1.000000
     30       0.260811   0.179891  -0.054875   0.196667   0.000000   0.000000
     31      -0.199430  -0.137554   0.196667   0.051941   0.000000   0.000000
     32       0.378819   0.231103   0.335187  -0.220240   0.045078  -0.003759
     33      -0.154684   0.088309  -0.189561   0.124554   0.002769   0.014833
     34      -0.224351  -0.189561  -0.055929   0.180651  -0.041204   0.004025
     35       0.147413   0.124554   0.180651   0.100307   0.029489  -0.002880
     36       0.000253  -0.000354  -0.000009  -0.000021   0.000038  -0.000053
     37       0.001054  -0.001305  -0.000584   0.000311   0.000569  -0.000783
     38       0.001160  -0.001416   0.000567  -0.000513   0.000073  -0.000083
     39       0.042779  -0.034282  -0.036381   0.023092   0.057063  -0.068523
     40       0.052010  -0.039919   0.041762  -0.032711   0.003041  -0.002337
     41       0.120177   0.036153  -0.138831   0.027486   0.519269  -0.090385
     42       0.119912   0.027439  -0.070274   0.124733   0.519377  -0.147461
     43       0.125286   0.128482  -0.060363   0.053747   0.522036   0.480940
                 30         31         32         33         34         35    
      0       0.000065  -0.000074   0.000067  -0.000086  -0.000018   0.000006
      1       0.000104  -0.000119   0.000110  -0.000140  -0.000031   0.000010
      2       0.000026   0.000022   0.000023  -0.000031   0.000005   0.000002
      3       0.000022   0.000021  -0.000007   0.000010   0.000002   0.000010
      4      -0.000024  -0.000182   0.000121  -0.000139  -0.000065   0.000035
      5      -0.000039  -0.000298   0.000179  -0.000201  -0.000103   0.000056
      6       0.000384  -0.000003   0.000083  -0.000103  -0.000028   0.000026
      7      -0.000003   0.000363  -0.000045   0.000056   0.000026   0.000007
      8       0.000226  -0.000200   0.000589  -0.000751  -0.000000  -0.000058
      9       0.000321  -0.000284   0.000971  -0.001234  -0.000001  -0.000105
     10      -0.000068   0.000128   0.000000  -0.000001   0.000115  -0.000000
     11       0.000128  -0.000036   0.000076  -0.000105  -0.000000   0.000107
     12      -0.000208  -0.003281   0.002402  -0.002346  -0.001609   0.000958
     13      -0.000330  -0.005212   0.003063  -0.002765  -0.002265   0.001348
     14       0.010389  -0.000025   0.002100  -0.002265  -0.001015   0.000924
     15      -0.000025   0.009997  -0.001250   0.001348   0.000924  -0.000012
     16       0.003780  -0.003122   0.017889  -0.021027   0.000184  -0.001760
     17       0.004650  -0.003841   0.028071  -0.032496   0.000330  -0.003153
     18      -0.001809   0.002577  -0.000246   0.000330   0.005155   0.000028
     19       0.002577  -0.000817   0.002350  -0.003153   0.000028   0.004894
     20       0.032465  -0.028819   0.046246  -0.046297  -0.020813   0.011179
     21       0.043883  -0.038954   0.062883  -0.058232  -0.033177   0.017820
